Motif	TF	P-value	hits in ENSG00000163739 CXCL1	hits in ENSG00000118513 MYB	hits in ENSG00000137720 C11orf1	hits in ENSG00000101057 MYBL2	hits in ENSG00000123473 STIL	hits in ENSG00000173207 CKS1B	hits in ENSG00000166508 MCM7	hits in ENSG00000166803 KIAA0101	hits in ENSG00000163808 KIF15	hits in ENSG00000110484 SCGB2A2	hits in ENSG00000213347 MXD3	hits in ENSG00000165304 MELK	hits in ENSG00000091128 LAMB4	hits in ENSG00000115738 ID2	hits in ENSG00000105810 CDK6	hits in ENSG00000144354 CDCA7	hits in ENSG00000112238 PRDM13	hits in ENSG00000125319 C17orf53	hits in ENSG00000177426 TGIF1	hits in ENSG00000057657 PRDM1	hits in ENSG00000137804 NUSAP1	hits in ENSG00000042493 CAPG	hits in ENSG00000111145 ELK3	hits in ENSG00000111206 FOXM1	hits in ENSG00000107105 ELAVL2	hits in ENSG00000019549 SNAI2	hits in ENSG00000106511 MEOX2	hits in ENSG00000103257 SLC7A5	hits in ENSG00000185811 IKZF1	hits in ENSG00000134825 C11orf10	hits in ENSG00000165891 E2F7	hits in ENSG00000164611 PTTG2	hits in ENSG00000178252 WDR6	hits in ENSG00000179348 GATA2	hits in ENSG00000139263 LRIG3	hits in ENSG00000121957 GPSM2	hits in ENSG00000112312 GMNN
E2F_Q2	E2f4;E2f1;E2f3;Tfdp1	0.02023836	5	27	11	21	11	4	26	7	9	0	20	16	0	27	10	10	11	10	0	6	10	1	13	12	4	9	12	28	48	9	17	2	14	14	22	19	6
AP2_Q6	Tcfap2a;Tcfap2b;Tcfap2c	0.04613434	6	19	6	11	1	4	8	1	3	0	19	7	1	14	12	4	4	6	4	3	11	5	13	10	1	1	6	20	22	7	15	1	15	17	12	12	0
ETF_Q6	Tead2	0.013216606	4	12	4	10	4	4	5	1	1	0	14	4	0	12	1	2	2	2	0	2	2	0	7	3	0	0	2	4	15	2	10	2	2	1	2	8	3
SP1_Q2_01	Foxc1;Sp1;Sp3;Sp4;Sp2	0.049394589	3	11	6	8	1	7	8	0	1	0	13	2	0	18	10	2	3	1	0	3	2	5	9	7	2	1	4	11	9	0	8	1	2	6	5	8	3
SP1_Q4_01	Foxc1;Sp1;Sp3;Sp4;Sp2	0.039217083	3	9	6	8	2	6	7	0	1	0	13	2	0	19	10	2	3	1	0	3	2	4	9	6	1	1	3	12	8	0	9	1	2	5	5	8	3
SP1_Q6	Foxc1;Sp1	0.006150007	4	8	5	11	2	6	8	1	3	0	11	3	0	16	6	2	3	1	0	2	2	4	10	5	1	1	3	12	9	0	10	2	2	5	4	9	3
E2F1_Q3	E2f1	0.00076605	1	7	2	8	3	4	2	2	2	0	1	4	0	8	4	1	1	1	0	2	2	1	6	2	2	0	4	5	15	0	5	0	1	4	8	0	1
E2F1_Q3_01	E2f1	0.00076605	1	7	2	8	3	4	2	2	2	0	1	4	0	8	4	1	1	1	0	2	2	1	6	2	2	0	4	5	15	0	5	0	1	4	8	0	1
AP2ALPHA_02	-	0.014813738	5	6	1	8	3	0	6	2	2	1	18	3	2	4	3	3	1	3	1	3	3	6	3	7	1	2	3	12	10	11	9	1	7	6	7	5	0
E2F1DP2_01	-	0.000775381	0	4	2	3	3	2	4	3	1	0	4	0	0	2	1	2	1	1	0	1	5	0	1	1	1	1	4	1	3	1	5	0	1	0	2	3	0
CREB_01	Creb1	0.044034437	3	2	7	2	5	2	6	1	7	3	3	2	3	2	1	2	3	1	2	2	2	1	1	4	2	2	1	5	2	2	0	2	7	2	0	1	3
MYOD_Q6_01	Myf6;Myod1;Myog;Tcf3	0.006875192	1	2	3	1	2	1	2	1	2	1	7	4	2	5	1	1	1	2	0	3	4	3	1	2	1	2	5	3	1	1	2	2	2	2	5	2	1
MYOD_Q6	Myod1	0.006875192	1	2	3	1	2	1	2	1	2	1	7	4	2	5	1	1	1	2	0	3	4	3	1	2	1	2	5	3	1	1	2	2	2	2	5	2	1
USF_01	Usf1	0.006753137	2	2	2	4	2	0	2	0	2	0	4	2	2	2	0	0	2	2	0	2	0	0	0	2	2	0	2	2	2	2	0	0	4	0	6	2	2
KROX_Q6	Egr1;Egr2;Egr3;Egr4;Foxc1	0.006536424	2	2	2	3	2	3	4	0	3	0	3	2	0	9	3	0	2	2	0	3	0	1	4	3	0	2	1	7	8	0	3	1	1	8	3	3	1
E2F1_Q3	E2f1	0.00341198	2	2	2	2	6	1	6	2	2	0	2	2	0	0	2	4	0	2	0	1	4	0	0	2	1	2	2	2	2	3	2	0	0	0	2	1	2
CBF_01	Mynf1	0.000972467	5	2	1	2	2	1	3	1	2	1	2	1	3	2	2	3	2	2	1	1	2	3	3	4	0	0	4	3	1	3	2	1	3	2	3	1	2
AHRHIF_Q6	Aldr2;Ahr;Ahrr;Arnt;Arnt2;Arntl;Hif1a	0.048140057	0	2	1	1	0	3	4	0	2	0	2	2	0	1	1	5	4	0	0	0	1	2	2	6	3	2	5	3	2	1	3	0	3	5	2	1	1
FREAC7_01	Foxl1	0.009261901	1	2	1	0	1	2	1	4	6	4	3	2	11	3	1	1	4	1	6	7	2	4	3	2	9	6	2	1	0	1	5	12	2	2	1	5	5
EGR3_01	Egr3;Foxc1	0.010557063	0	2	0	5	3	0	3	2	2	0	4	2	1	5	1	0	0	4	1	0	0	1	1	3	1	1	5	8	5	1	0	1	1	3	5	2	3
EGR1_01	Egr1;Foxc1	0.037074699	0	2	0	4	0	0	1	1	2	0	4	2	1	5	1	0	0	1	0	0	0	0	1	3	0	1	3	5	3	1	0	1	2	1	1	0	1
AHRARNT_01	Ahr;Arnt;Arntl	0.005209337	0	2	0	1	0	2	1	1	0	0	1	2	0	1	1	4	2	0	0	1	1	1	1	3	1	2	4	3	0	1	1	0	2	2	2	0	0
ARNT_01	Arnt;Arntl	0.005209337	0	2	0	1	0	2	1	1	0	0	1	2	0	1	1	4	2	0	0	1	1	1	1	3	1	2	4	3	0	1	1	0	2	2	2	0	0
HFH8_01	Foxf1a	0.035610345	1	2	0	0	1	2	1	3	5	3	2	2	7	2	1	2	3	1	4	6	1	4	3	2	8	5	1	1	0	0	5	5	2	2	1	5	3
CART1_01	Alx1;Traf4	0.027065977	3	1	2	3	5	2	3	7	3	7	1	3	5	3	1	8	5	2	7	6	2	5	2	2	6	11	1	4	0	1	2	11	3	1	10	0	10
USF_Q6	Usf1;Usf2	0.048324474	0	1	2	2	0	0	2	0	1	1	1	3	1	2	1	1	0	0	0	0	1	1	1	4	1	0	3	2	4	3	0	0	4	0	3	2	2
E2F4DP2_01	-	0.001440018	0	1	2	0	2	0	2	2	1	0	2	0	0	2	1	2	0	1	0	1	3	0	1	1	0	1	2	0	1	1	1	0	0	0	0	2	0
E2F_Q6	-	4.45E-07	1	1	1	2	2	0	5	2	1	0	2	1	1	0	1	2	0	1	1	1	1	0	0	2	0	1	1	2	1	3	2	0	0	0	1	1	1
E2F_Q3	-	1.03E-06	1	1	1	2	1	0	4	1	2	0	1	1	1	1	1	1	0	0	1	1	1	0	0	2	0	1	1	2	1	2	2	0	1	0	1	1	2
E2F1_Q6	E2f1	9.56E-05	0	1	1	1	4	1	3	3	1	0	3	0	0	2	1	2	0	1	0	1	1	0	0	3	1	0	1	1	2	2	1	0	1	0	0	1	1
E2F1_Q6_01	E2f1	9.56E-05	0	1	1	1	4	1	3	3	1	0	3	0	0	2	1	2	0	1	0	1	1	0	0	3	1	0	1	1	2	2	1	0	1	0	0	1	1
E2F4DP1_01	-	6.11E-05	0	1	1	1	1	0	4	2	1	0	1	0	0	1	1	2	0	1	0	1	1	0	0	2	0	0	1	0	1	2	1	0	0	0	1	1	0
E2F_Q4	-	4.41E-06	0	1	1	1	1	0	3	1	1	0	2	0	1	0	1	2	0	1	1	1	1	0	0	1	0	0	1	0	1	0	1	0	0	0	0	1	0
E2F_03	E2f1	3.93E-06	0	1	1	1	1	0	3	1	1	0	1	0	0	1	1	1	0	0	1	1	1	0	0	2	1	0	1	0	1	1	2	0	0	0	1	1	0
E2F_02	E2f4;E2f1;E2f3;E2f5;E2f2	5.78E-05	0	1	1	1	1	0	3	1	1	0	1	0	0	1	0	2	0	1	0	0	1	0	0	1	0	0	1	0	1	1	0	0	0	0	0	1	0
E2F_Q6	-	6.11E-08	0	1	1	1	1	0	3	0	1	0	1	1	0	0	1	1	0	0	0	0	1	0	0	1	0	0	1	0	1	1	2	0	0	0	0	1	0
E2F_Q6_01	E2f4;E2f1;E2f3;Tfdp1;E2f7	6.11E-08	0	1	1	1	1	0	3	0	1	0	1	1	0	0	1	1	0	0	0	0	1	0	0	1	0	0	1	0	1	1	2	0	0	0	0	1	0
E2F1DP1_01	-	0.00029296	0	1	1	0	2	0	2	2	1	0	2	0	0	0	1	2	0	1	0	1	3	0	0	1	0	1	1	0	1	1	1	0	0	0	0	0	0
E2F1DP1RB_01	-	9.90E-05	0	1	1	0	1	0	4	2	1	0	1	0	0	0	1	2	0	1	0	1	1	0	0	2	0	0	1	0	1	2	1	0	0	0	1	1	0
HFH1_01	Foxq1	0.025696814	1	1	1	0	1	0	1	3	2	2	0	3	4	1	0	2	3	1	2	6	1	2	1	1	3	1	1	0	0	2	4	3	0	1	2	2	2
E2F1_Q4	E2f1	0.000302636	1	1	0	2	0	1	4	0	2	0	0	1	1	2	0	1	0	0	0	0	1	1	0	2	0	1	3	2	2	3	3	0	2	1	1	1	1
E2F1_Q4	E2f1	0.000273213	0	1	0	1	0	0	4	0	1	0	0	1	0	0	1	1	0	0	0	0	1	0	0	1	0	0	1	0	1	1	1	0	0	0	0	0	0
E2F1_Q4_01	E2f4;E2f1;E2f3;Tfdp1	0.000273213	0	1	0	1	0	0	4	0	1	0	0	1	0	0	1	1	0	0	0	0	1	0	0	1	0	0	1	0	1	1	1	0	0	0	0	0	0
E2F_Q4	-	0.000283775	0	1	0	1	0	0	4	0	1	0	0	1	0	0	1	1	0	0	0	0	1	0	0	1	0	0	1	0	1	0	0	0	0	0	0	0	0
E2F_Q4_01	E2f4;E2f1;E2f3;Tfdp1	0.000283775	0	1	0	1	0	0	4	0	1	0	0	1	0	0	1	1	0	0	0	0	1	0	0	1	0	0	1	0	1	0	0	0	0	0	0	0	0
E2F_Q3	-	0.002825279	0	1	0	1	0	0	4	0	1	0	0	1	0	0	1	1	0	0	0	0	1	0	0	1	0	0	1	0	1	0	0	0	0	0	0	0	0
E2F_Q3_01	E2f4;E2f1;E2f3;Tfdp1	0.002825279	0	1	0	1	0	0	4	0	1	0	0	1	0	0	1	1	0	0	0	0	1	0	0	1	0	0	1	0	1	0	0	0	0	0	0	0	0
TFE_Q6	Mitf;Tcfe3;Tcf4;Tcfeb;Tcfec	0.012846562	1	1	0	1	0	0	1	0	1	0	2	1	2	1	0	0	1	2	0	1	0	0	0	2	1	1	2	0	0	2	1	0	3	3	3	1	1
NRSE_B	Foxc1;Rest	0.045101714	0	1	0	0	1	0	0	0	0	0	0	0	0	0	0	0	0	0	0	0	0	1	0	2	0	0	0	0	0	0	0	0	1	0	1	0	1
HOXA7_01	Hoxa7	0.022079545	1	1	0	0	0	1	1	0	0	0	0	0	1	1	0	1	1	0	1	0	1	0	0	1	1	2	0	1	0	0	1	0	0	0	0	0	0
HIF1_Q5	Hif1a	0.010697197	0	1	0	0	0	1	0	0	1	1	2	0	0	1	1	0	1	0	0	1	0	0	0	0	0	0	1	2	2	0	1	0	0	0	0	0	1
E2F1_Q6	E2f1	5.69E-05	1	1	0	0	0	0	4	2	1	0	1	0	0	0	1	2	0	1	0	1	1	0	0	2	0	1	1	1	1	2	1	0	0	0	1	0	1
HIF1_Q3	Hif1a	0.002214044	0	1	0	0	0	0	0	0	1	1	1	0	0	1	2	0	1	0	0	2	0	0	0	0	0	0	1	2	1	0	1	1	0	0	0	0	1
USF2_Q6	Usf2	0.004051417	0	0	2	2	0	0	2	0	0	0	2	2	0	0	0	0	0	0	0	0	0	0	0	2	0	0	2	2	2	2	0	0	2	0	2	2	2
MAX_01	Max	0.005992144	0	0	2	2	0	0	2	0	0	0	2	2	0	0	0	0	0	0	0	0	0	0	0	2	0	0	0	2	2	2	0	0	2	0	2	2	2
MAX_01	Max	0.027815741	0	0	2	2	0	0	2	0	0	0	2	2	0	0	0	0	0	0	0	0	0	0	0	2	0	0	0	2	0	2	0	0	0	0	2	2	2
MYCMAX_01	Max;Myc	0.027815741	0	0	2	2	0	0	2	0	0	0	2	2	0	0	0	0	0	0	0	0	0	0	0	2	0	0	0	2	0	2	0	0	0	0	2	2	2
NMYC_01	Mycn	0.003203025	0	0	2	2	0	0	1	0	0	0	1	1	0	0	0	0	0	0	0	0	0	0	0	1	0	0	2	1	2	1	0	0	1	0	2	1	1
E2F_01	E2f1	0.045718404	0	0	2	1	1	1	2	2	0	0	2	0	1	1	1	5	2	1	3	0	1	0	1	2	0	2	0	0	2	2	3	1	1	0	1	0	0
MYC_Q2	Max;Myc	0.038182641	0	0	2	1	0	0	1	0	0	0	2	1	0	0	0	0	0	0	0	0	0	0	0	0	0	0	1	2	2	0	0	0	0	0	1	1	1
MAZR_01	Patz1	0.004413094	1	0	1	2	0	1	1	0	0	0	1	0	0	9	2	1	0	0	0	0	1	1	1	2	1	0	0	0	0	0	0	0	1	3	0	1	2
R_01	Pde6b	0.004413094	1	0	1	2	0	1	1	0	0	0	1	0	0	9	2	1	0	0	0	0	1	1	1	2	1	0	0	0	0	0	0	0	1	3	0	1	2
MYCMAX_02	Max;Myc	0.011608516	1	0	1	2	0	0	1	0	0	0	2	1	1	2	0	0	0	0	0	0	0	0	0	1	0	1	3	2	1	1	0	0	1	0	3	2	2
EVI1_01	Mecom;Foxc1	0.013542818	1	0	1	0	1	0	1	4	0	1	0	0	1	1	0	1	0	0	1	0	0	1	0	0	1	1	1	0	0	0	0	1	0	0	0	0	0
E4F1_Q6	E4f1	0.038193063	0	0	1	0	0	0	0	0	2	0	0	0	0	0	0	0	0	0	0	0	0	0	0	1	0	0	0	0	0	0	0	0	2	0	0	0	0
MYCMAX_03	Max;Myc	0.017116981	0	0	0	2	0	0	0	0	0	0	0	2	0	0	0	0	0	0	0	0	0	0	0	0	0	0	0	0	0	2	0	0	2	0	2	0	2
AHR_01	Ahr	0.001246337	0	0	0	1	1	1	1	1	0	0	1	2	0	1	0	0	1	0	0	0	1	2	0	1	0	1	1	1	1	0	2	0	2	0	1	1	0
R_01	Pde6b	0.001246337	0	0	0	1	1	1	1	1	0	0	1	2	0	1	0	0	1	0	0	0	1	2	0	1	0	1	1	1	1	0	2	0	2	0	1	1	0
AHR_Q5	Ahr	0.000946943	0	0	0	1	0	0	0	0	0	0	1	0	0	0	0	0	2	0	0	0	0	1	0	1	0	1	1	0	0	0	1	0	0	0	1	0	0
XBP1_01	Xbp1	0.022777465	0	0	0	1	0	0	0	0	0	0	0	0	0	0	0	0	0	0	0	0	0	0	0	1	0	0	0	0	0	0	0	0	1	1	0	1	1
LPOLYA_B	-	0.045080132	0	0	0	0	0	1	0	0	1	0	0	0	0	0	0	0	1	0	0	0	0	0	0	0	1	0	0	0	0	0	1	1	0	0	0	0	0
CAAT_C	-	0.033390128	0	0	0	0	0	0	1	0	0	0	0	0	0	0	0	0	0	0	0	0	0	0	0	0	0	0	0	0	0	0	0	0	0	0	0	0	0
FOXO4_01	Foxo4	0.031940438	1	0	0	0	0	0	0	1	1	0	0	0	0	1	0	1	1	0	0	1	0	0	0	1	0	0	0	0	0	1	0	0	0	1	0	0	0
ACAAT_B	-	0.022213286	0	0	0	0	0	0	0	0	0	0	0	1	0	0	0	0	0	0	0	0	1	0	0	0	0	0	0	0	0	0	1	1	1	0	0	0	0
STRA13_01	Stra13;Bhlhe40	0.002281922	0	0	0	0	0	0	0	0	0	0	0	0	0	0	0	0	0	0	0	0	0	0	0	2	0	0	1	0	0	2	0	0	2	0	0	0	0
PPARG_01	Pparg	0.011526728	0	0	0	0	0	0	0	0	0	0	0	0	0	0	0	0	0	0	0	0	0	0	0	0	0	0	0	0	0	0	0	0	0	0	0	0	1
ZNF219_01	Foxc1	0.026612917	0	0	0	0	0	0	0	0	0	0	0	0	0	2	1	0	0	0	0	1	0	0	0	0	0	0	0	1	0	0	0	0	0	0	0	0	0
RP58_01	Zfp238	0.036889302	0	0	0	0	0	0	0	0	0	0	0	0	0	0	0	0	0	0	0	0	0	1	0	0	0	1	0	0	0	0	0	0	0	0	0	0	0
